url_path,views_total,views_unique
/IceFireDB/IceFireDB,27,21
/IceFireDB/IceFireDB/pulls,9,4
/IceFireDB/IceFireDB/tree/main/IceFireDB-SQLite,4,4
/IceFireDB/IceFireDB/stargazers,4,3
/IceFireDB/IceFireDB/tree/main/IceFireDB-PubSub,2,2
/IceFireDB/IceFireDB/blob/main/driver/ipfs/write_batch.go,2,1
/IceFireDB/IceFireDB/commit/0a0b78673b07f1bb9f3efd529fbe19d80b0bcdcc,2,1
/IceFireDB/IceFireDB/pull/1029,2,1
/IceFireDB/IceFireDB/security/dependabot/172,2,1
/IceFireDB/IceFireDB/tree/main,2,1
