url_path,views_total,views_unique
/IceFireDB/redhub,15,13
/IceFireDB/redhub/blob/main/redhub.go,10,2
/IceFireDB/redhub/blob/main/example/server.go,5,2
/IceFireDB/redhub/blob/main/go.mod,4,2
/IceFireDB/redhub/blob/main/README.md,2,1
/IceFireDB/redhub/edit/main/README.md,2,1
/IceFireDB/redhub/actions,1,1
/IceFireDB/redhub/issues/6,1,1
/IceFireDB/redhub/tree/55b1df5030d4717e341334486da4ed1cdf31a9bf,1,1
/IceFireDB/redhub/watchers,1,1
