url_path,views_total,views_unique
/FlowShield/flowshield,46,12
/FlowShield/flowshield/tree/main/fullnode,5,1
/FlowShield/flowshield/tree/main/contract,2,2
/FlowShield/flowshield/find/main,2,1
/FlowShield/flowshield/tree/main/contract/artifacts,2,1
/FlowShield/flowshield/tree/main/contract/test,2,1
/FlowShield/flowshield/blob/main/ca/README.md,1,1
/FlowShield/flowshield/blob/main/contract/contracts/CloudSlitDao.sol,1,1
/FlowShield/flowshield/blob/main/contract/hardhat.config.js,1,1
/FlowShield/flowshield/blob/main/contract/.openzeppelin/ropsten.json,1,1
